0 0.049213 0.333333 0.049213 0.309711 0.066929 0.309711 0.066929 0.333333
0 0.110236 0.280840 0.118110 0.265092 0.135827 0.280840 0.127953 0.296588
0 0.251969 0.440945 0.263780 0.440945 0.263780 0.514436 0.251969 0.514436
0 0.295276 0.496063 0.295276 0.433071 0.307087 0.433071 0.307087 0.496063
0 0.708661 0.661417 0.708661 0.606299 0.722441 0.606299 0.722441 0.661417
0 0.765748 0.545932 0.781496 0.543307 0.783465 0.601050 0.769685 0.603675
0 0.242126 0.811024 0.255906 0.811024 0.255906 0.866142 0.242126 0.866142
0 0.181102 0.805774 0.194882 0.805774 0.194882 0.853018 0.181102 0.853018
0 0.931102 0.989501 0.933071 0.942257 0.946850 0.944882 0.942913 0.992126
0 0.974409 0.944882 0.988189 0.942257 0.992126 0.992126 0.976378 0.994751
0 0.047244 0.640420 0.061024 0.637795 0.062992 0.656168 0.049213 0.658793