0 0.272908 0.669753 0.290837 0.654321 0.302789 0.691358 0.284861 0.706790
0 0.330677 0.601852 0.348606 0.589506 0.358566 0.629630 0.340637 0.641975
0 0.418327 0.746914 0.430279 0.737654 0.442231 0.787037 0.430279 0.793210
0 0.474104 0.753086 0.478088 0.712963 0.494024 0.716049 0.488048 0.759259
0 0.486056 0.567901 0.492032 0.537037 0.503984 0.543210 0.496016 0.574074
0 0.420319 0.487654 0.434263 0.484568 0.436255 0.515432 0.424303 0.521605
0 0.069721 0.160494 0.087649 0.154321 0.095618 0.203704 0.079681 0.212963
0 0.125498 0.200617 0.125498 0.148148 0.141434 0.148148 0.141434 0.200617
0 0.241036 0.172840 0.241036 0.086420 0.254980 0.086420 0.254980 0.172840
0 0.282869 0.092593 0.294821 0.092593 0.294821 0.172840 0.282869 0.172840
0 0.938247 0.018519 0.954183 0.015432 0.960159 0.077160 0.942231 0.080247