0 0.249497 0.465190 0.259557 0.427215 0.307847 0.462025 0.297787 0.500000
0 0.219316 0.651899 0.227364 0.613924 0.277666 0.639241 0.267606 0.680380
0 0.346076 0.905063 0.352113 0.863924 0.400402 0.882911 0.394366 0.924051
0 0.478873 0.607595 0.486922 0.566456 0.539235 0.594937 0.531187 0.636076
0 0.690141 0.645570 0.702213 0.607595 0.748491 0.645570 0.736419 0.683544
0 0.577465 0.303797 0.601610 0.278481 0.629779 0.341772 0.607646 0.367089
0 0.738431 0.344937 0.758551 0.310127 0.798793 0.367089 0.780684 0.401899
0 0.907445 0.642405 0.919517 0.598101 0.967807 0.632911 0.955734 0.677215
0 0.849095 0.199367 0.875252 0.161392 0.913481 0.234177 0.889336 0.268987
0 0.812877 0.000000 0.845070 0.000000 0.845070 0.041139 0.812877 0.041139
0 0.611670 0.037975 0.633803 0.018987 0.651911 0.075949 0.627767 0.091772