0 0.138943 0.197101 0.148728 0.162319 0.197652 0.188406 0.189824 0.223188
0 0.109589 0.359420 0.121331 0.321739 0.170254 0.353623 0.160470 0.388406
0 0.230920 0.591304 0.238748 0.553623 0.291585 0.579710 0.281800 0.617391
0 0.311155 0.744928 0.369863 0.727536 0.375734 0.771014 0.317025 0.788406
0 0.365949 0.327536 0.371820 0.292754 0.422701 0.310145 0.414873 0.347826
0 0.461840 0.049275 0.483366 0.023188 0.512720 0.078261 0.491194 0.104348
0 0.618395 0.084058 0.637965 0.055072 0.677104 0.113043 0.657534 0.142029
0 0.569472 0.356522 0.585127 0.324638 0.622309 0.362319 0.608611 0.394203
0 0.780822 0.347826 0.800391 0.313043 0.839530 0.362319 0.818004 0.397101
0 0.622309 0.930435 0.632094 0.892754 0.686888 0.930435 0.677104 0.965217
0 0.925636 0.136232 0.939335 0.121739 0.960861 0.159420 0.947162 0.176812