0 0.838323 0.190164 0.880240 0.121311 0.896208 0.147541 0.854291 0.216393
0 0.618762 0.216393 0.626747 0.186885 0.670659 0.222951 0.662675 0.252459
0 0.758483 0.429508 0.758483 0.393443 0.816367 0.393443 0.816367 0.429508
0 0.493014 0.419672 0.502994 0.396721 0.540918 0.439344 0.532934 0.462295
0 0.465070 0.039344 0.475050 0.013115 0.524950 0.059016 0.514970 0.088525
0 0.121756 0.393443 0.123752 0.360656 0.187625 0.373770 0.183633 0.406557
0 0.522954 0.596721 0.522954 0.550820 0.536926 0.550820 0.536926 0.596721
0 0.536926 0.527869 0.548902 0.527869 0.548902 0.590164 0.536926 0.590164
0 0.544910 0.600000 0.548902 0.524590 0.564870 0.527869 0.560878 0.603279
0 0.566866 0.524590 0.578842 0.524590 0.578842 0.600000 0.566866 0.600000
0 0.572854 0.596721 0.580838 0.518033 0.594810 0.521311 0.588822 0.600000