0 0.225296 0.071038 0.249012 0.060109 0.260870 0.120219 0.237154 0.128415
0 0.134387 0.172131 0.144269 0.133880 0.173913 0.144809 0.166008 0.185792
0 0.094862 0.327869 0.116601 0.311475 0.136364 0.355191 0.116601 0.374317
0 0.065217 0.571038 0.077075 0.546448 0.118577 0.587432 0.104743 0.612022
0 0.000000 0.803279 0.019763 0.800546 0.021739 0.836066 0.001976 0.838798
0 0.219368 0.590164 0.241107 0.560109 0.282609 0.617486 0.260870 0.647541
0 0.173913 0.849727 0.187747 0.816940 0.229249 0.849727 0.215415 0.885246
0 0.326087 0.467213 0.353755 0.428962 0.399209 0.491803 0.371542 0.530055
0 0.278656 0.275956 0.302372 0.256831 0.332016 0.319672 0.310277 0.338798
0 0.387352 0.844262 0.401186 0.811475 0.448617 0.849727 0.434783 0.882514
0 0.403162 0.136612 0.422925 0.125683 0.434783 0.169399 0.415020 0.180328
0 0.442688 0.243169 0.464427 0.226776 0.480237 0.270492 0.460474 0.286885
0 0.509881 0.349727 0.533597 0.338798 0.545455 0.385246 0.519763 0.396175
0 0.586957 0.538251 0.586957 0.500000 0.608696 0.500000 0.608696 0.538251
0 0.535573 0.636612 0.561265 0.633880 0.565217 0.672131 0.539526 0.674863
0 0.658103 0.237705 0.660079 0.202186 0.693676 0.204918 0.693676 0.243169
0 0.618577 0.338798 0.650198 0.338798 0.650198 0.382514 0.618577 0.382514
0 0.529644 0.081967 0.545455 0.076503 0.551383 0.106557 0.537549 0.112022
0 0.511858 0.188525 0.527668 0.174863 0.541502 0.207650 0.523715 0.218579
0 0.618577 0.844262 0.636364 0.830601 0.652174 0.871585 0.634387 0.885246