0 0.052209 0.766578 0.062249 0.742706 0.116466 0.777188 0.106426 0.801061
0 0.544177 0.647215 0.550201 0.618037 0.598394 0.639257 0.592369 0.668435
0 0.771084 0.612732 0.811245 0.559682 0.827309 0.580902 0.787149 0.633952
0 0.686747 0.806366 0.686747 0.779841 0.742972 0.779841 0.742972 0.806366
0 0.419679 0.811671 0.427711 0.787798 0.467871 0.809019 0.459839 0.832891
0 0.391566 0.496021 0.401606 0.474801 0.449799 0.511936 0.439759 0.533156
0 0.506024 0.928382 0.506024 0.883289 0.522088 0.883289 0.522088 0.928382
0 0.493976 0.938992 0.493976 0.888594 0.508032 0.888594 0.508032 0.938992
0 0.471888 0.946950 0.477912 0.885942 0.493976 0.888594 0.487952 0.949602
0 0.459839 0.885942 0.473896 0.883289 0.477912 0.938992 0.463855 0.941645
0 0.447791 0.949602 0.447791 0.909814 0.465863 0.909814 0.465863 0.949602