0 0.145669 0.149351 0.145669 0.087662 0.167323 0.087662 0.167323 0.149351
0 0.149606 0.431818 0.167323 0.402597 0.206693 0.467532 0.188976 0.496753
0 0.413386 0.490260 0.437008 0.490260 0.437008 0.577922 0.413386 0.577922
0 0.218504 0.866883 0.234252 0.827922 0.281496 0.879870 0.265748 0.918831
0 0.566929 0.701299 0.566929 0.607143 0.590551 0.607143 0.590551 0.701299
0 0.614173 0.217532 0.614173 0.152597 0.631890 0.152597 0.631890 0.217532
0 0.669291 0.441558 0.690945 0.441558 0.690945 0.500000 0.669291 0.500000
0 0.763780 0.396104 0.785433 0.392857 0.787402 0.448052 0.767717 0.451299
0 0.793307 0.772727 0.850394 0.724026 0.866142 0.772727 0.807087 0.821429
0 0.807087 0.857143 0.844488 0.801948 0.862205 0.834416 0.826772 0.889610
0 0.881890 0.422078 0.901575 0.418831 0.905512 0.470779 0.887795 0.477273
0 0.962598 0.230519 0.984252 0.227273 0.988189 0.282468 0.968504 0.288961