0 0.045817 0.086420 0.053785 0.058642 0.111554 0.108025 0.103586 0.132716
0 0.037849 0.425926 0.039841 0.398148 0.083665 0.410494 0.079681 0.438272
0 0.225100 0.271605 0.233068 0.246914 0.268924 0.274691 0.260956 0.299383
0 0.376494 0.274691 0.382470 0.250000 0.416335 0.268519 0.412351 0.293210
0 0.322709 0.098765 0.330677 0.070988 0.370518 0.098765 0.362550 0.123457
0 0.571713 0.086420 0.579681 0.061728 0.609562 0.083333 0.601594 0.108025
0 0.557769 0.333333 0.559761 0.305556 0.593625 0.311728 0.591633 0.339506
0 0.484064 0.574074 0.488048 0.549383 0.525896 0.561728 0.521912 0.586420
0 0.420319 0.873457 0.420319 0.851852 0.462151 0.851852 0.462151 0.873457
0 0.567729 0.858025 0.591633 0.858025 0.591633 0.885802 0.567729 0.885802
0 0.812749 0.858025 0.812749 0.833333 0.834661 0.833333 0.834661 0.858025
0 0.868526 0.913580 0.870518 0.888889 0.898406 0.895062 0.896414 0.919753