0 0.170974 0.058462 0.192843 0.049231 0.204771 0.113846 0.184891 0.123077
0 0.087475 0.132308 0.103380 0.120000 0.117296 0.160000 0.101392 0.175385
0 0.049702 0.326154 0.065606 0.301538 0.093439 0.344615 0.077535 0.369231
0 0.021869 0.572308 0.035785 0.541538 0.071571 0.578462 0.059642 0.609231
0 0.121272 0.852308 0.135189 0.818462 0.174950 0.861538 0.161034 0.892308
0 0.166998 0.596923 0.180915 0.569231 0.222664 0.615385 0.206759 0.646154
0 0.224652 0.270769 0.246521 0.255385 0.266402 0.320000 0.246521 0.338462
0 0.266402 0.461538 0.288270 0.427692 0.326044 0.495385 0.304175 0.526154
0 0.320080 0.849231 0.332008 0.818462 0.375746 0.855385 0.363817 0.889231
0 0.373757 0.233846 0.393638 0.218462 0.407555 0.267692 0.387674 0.283077
0 0.330020 0.126154 0.341948 0.110769 0.363817 0.153846 0.351889 0.166154
0 0.451292 0.101538 0.451292 0.070769 0.471173 0.070769 0.471173 0.101538
0 0.437376 0.178462 0.457256 0.178462 0.457256 0.203077 0.437376 0.203077
0 0.568588 0.196923 0.596421 0.190769 0.600398 0.233846 0.574553 0.240000
0 0.528827 0.335385 0.550696 0.326154 0.558648 0.372308 0.536779 0.381538
0 0.433400 0.338462 0.459245 0.335385 0.463221 0.384615 0.437376 0.387692
0 0.495030 0.501538 0.520875 0.498462 0.524851 0.535385 0.497018 0.538462
0 0.453280 0.664615 0.459245 0.630769 0.485089 0.643077 0.481113 0.676923
0 0.528827 0.861538 0.542744 0.840000 0.564612 0.873846 0.550696 0.895385