0 0.082353 0.302251 0.088235 0.273312 0.133333 0.295820 0.127451 0.327974
0 0.111765 0.517685 0.115686 0.491961 0.160784 0.508039 0.156863 0.533762
0 0.290196 0.305466 0.298039 0.276527 0.356863 0.321543 0.349020 0.350482
0 0.280392 0.655949 0.284314 0.627010 0.325490 0.636656 0.321569 0.668810
0 0.464706 0.491961 0.472549 0.466238 0.511765 0.498392 0.503922 0.524116
0 0.564706 0.318328 0.568627 0.286174 0.607843 0.305466 0.603922 0.337621
0 0.615686 0.501608 0.619608 0.475884 0.656863 0.488746 0.652941 0.514469
0 0.705882 0.183280 0.713725 0.160772 0.737255 0.176849 0.731373 0.202572
0 0.719608 0.807074 0.727451 0.778135 0.760784 0.803859 0.750980 0.832797
0 0.792157 0.553055 0.800000 0.524116 0.833333 0.546624 0.825490 0.575563
0 0.809804 0.305466 0.817647 0.276527 0.847059 0.302251 0.839216 0.327974