0 0.212679 0.079511 0.212679 0.030581 0.255624 0.030581 0.255624 0.079511
0 0.388548 0.177370 0.408998 0.177370 0.408998 0.211009 0.388548 0.211009
0 0.357873 0.305810 0.370143 0.293578 0.388548 0.327217 0.374233 0.342508
0 0.128834 0.559633 0.137014 0.538226 0.171779 0.565749 0.163599 0.587156
0 0.110429 0.666667 0.122699 0.642202 0.153374 0.681957 0.141104 0.703364
0 0.190184 0.825688 0.198364 0.798165 0.233129 0.819572 0.224949 0.847095
0 0.245399 0.923547 0.282209 0.914373 0.284254 0.941896 0.247444 0.951070
0 0.280164 0.651376 0.284254 0.623853 0.314928 0.636086 0.310838 0.663609
0 0.337423 0.483180 0.345603 0.458716 0.376278 0.477064 0.370143 0.501529
0 0.408998 0.675841 0.417178 0.645260 0.449898 0.663609 0.441718 0.697248
0 0.439673 0.498471 0.453988 0.467890 0.482618 0.501529 0.468303 0.532110
0 0.441718 0.131498 0.458078 0.122324 0.468303 0.162080 0.451943 0.168196
0 0.478528 0.275229 0.494888 0.259939 0.513292 0.305810 0.496933 0.321101
0 0.511247 0.409786 0.523517 0.382263 0.556237 0.418960 0.543967 0.446483
0 0.546012 0.663609 0.558282 0.642202 0.586912 0.675841 0.576687 0.697248
0 0.558282 0.171254 0.568507 0.165138 0.578732 0.195719 0.568507 0.204893
0 0.642127 0.159021 0.642127 0.137615 0.656442 0.137615 0.656442 0.159021
0 0.584867 0.250765 0.597137 0.238532 0.611452 0.266055 0.599182 0.281346
0 0.625767 0.345566 0.627812 0.314985 0.652352 0.324159 0.648262 0.351682
0 0.631902 0.229358 0.631902 0.204893 0.646217 0.204893 0.646217 0.229358
0 0.719836 0.244648 0.725971 0.220183 0.748466 0.232416 0.742331 0.256881
0 0.693252 0.321101 0.705521 0.308869 0.719836 0.339450 0.707566 0.351682
0 0.644172 0.522936 0.658487 0.516820 0.664622 0.550459 0.648262 0.553517
0 0.693252 0.663609 0.711656 0.654434 0.719836 0.688073 0.703476 0.700306
0 0.697342 0.831804 0.701431 0.807339 0.721881 0.813456 0.717791 0.837920
0 0.670757 0.428135 0.687117 0.425076 0.691207 0.452599 0.674847 0.455657
0 0.785276 0.801223 0.785276 0.779817 0.799591 0.779817 0.799591 0.801223