0 0.087649 0.130303 0.087649 0.051515 0.111554 0.051515 0.111554 0.130303
0 0.029880 0.584848 0.101594 0.512121 0.123506 0.563636 0.053785 0.636364
0 0.312749 0.203030 0.372510 0.145455 0.390438 0.187879 0.330677 0.245455
0 0.334661 0.287879 0.368526 0.227273 0.388446 0.251515 0.354582 0.312121
0 0.336653 0.790909 0.360558 0.775758 0.378486 0.845455 0.352590 0.860606
0 0.434263 0.715152 0.458167 0.696970 0.478088 0.766667 0.452191 0.784848
0 0.500000 0.960606 0.519920 0.939394 0.545817 0.996970 0.523904 1.015152
0 0.629482 0.796970 0.647410 0.772727 0.675299 0.815152 0.659363 0.842424
0 0.683267 0.912121 0.707171 0.896970 0.723108 0.951515 0.697211 0.966667
0 0.772908 0.718182 0.790837 0.706061 0.804781 0.751515 0.784861 0.763636
0 0.762948 0.881818 0.762948 0.845455 0.782869 0.845455 0.782869 0.881818
0 0.910359 0.896970 0.926295 0.860606 0.964143 0.900000 0.948207 0.933333