0 0.306641 0.049057 0.328125 0.003774 0.341797 0.026415 0.320312 0.071698
0 0.425781 0.139623 0.439453 0.139623 0.439453 0.173585 0.425781 0.173585
0 0.457031 0.101887 0.466797 0.090566 0.478516 0.132075 0.468750 0.143396
0 0.402344 0.260377 0.410156 0.241509 0.425781 0.267925 0.419922 0.286792
0 0.257812 0.467925 0.265625 0.445283 0.283203 0.471698 0.273438 0.494340
0 0.246094 0.558491 0.251953 0.535849 0.273438 0.558491 0.267578 0.584906
0 0.298828 0.671698 0.322266 0.671698 0.322266 0.698113 0.298828 0.698113
0 0.332031 0.766038 0.355469 0.758491 0.359375 0.784906 0.333984 0.792453
0 0.357422 0.524528 0.376953 0.524528 0.376953 0.550943 0.357422 0.550943
0 0.394531 0.403774 0.396484 0.384906 0.416016 0.392453 0.414062 0.411321
0 0.460938 0.422642 0.462891 0.396226 0.484375 0.400000 0.480469 0.430189
0 0.439453 0.554717 0.445312 0.535849 0.466797 0.558491 0.458984 0.581132
0 0.458984 0.879245 0.462891 0.856604 0.490234 0.871698 0.486328 0.890566
0 0.529297 0.558491 0.535156 0.535849 0.554688 0.554717 0.548828 0.577358
0 0.507812 0.320755 0.523438 0.313208 0.529297 0.354717 0.513672 0.362264
0 0.482422 0.226415 0.494141 0.211321 0.507812 0.249057 0.498047 0.264151
0 0.535156 0.135849 0.544922 0.128302 0.548828 0.162264 0.539062 0.166038
0 0.556641 0.196226 0.570312 0.196226 0.570312 0.222642 0.556641 0.222642
0 0.582031 0.166038 0.589844 0.162264 0.593750 0.184906 0.583984 0.188679
0 0.585938 0.105660 0.597656 0.101887 0.601562 0.124528 0.589844 0.128302
0 0.580078 0.271698 0.587891 0.260377 0.597656 0.283019 0.589844 0.294340
0 0.625000 0.264151 0.632812 0.256604 0.638672 0.283019 0.632812 0.290566
0 0.642578 0.200000 0.646484 0.177358 0.664062 0.188679 0.660156 0.211321
0 0.628906 0.675472 0.642578 0.675472 0.642578 0.698113 0.628906 0.698113
0 0.626953 0.550943 0.636719 0.543396 0.640625 0.569811 0.628906 0.573585
0 0.591797 0.430189 0.601562 0.426415 0.605469 0.452830 0.593750 0.456604
0 0.613281 0.381132 0.613281 0.354717 0.623047 0.354717 0.623047 0.381132
0 0.634766 0.415094 0.642578 0.407547 0.646484 0.422642 0.636719 0.430189
0 0.685547 0.671698 0.685547 0.645283 0.693359 0.645283 0.693359 0.671698