0 0.532934 0.261649 0.534930 0.232975 0.566866 0.243728 0.562874 0.272401
0 0.512974 0.387097 0.518962 0.354839 0.554890 0.379928 0.546906 0.412186
0 0.586826 0.555556 0.596806 0.526882 0.628743 0.559140 0.618762 0.587814
0 0.642715 0.670251 0.678643 0.670251 0.678643 0.706093 0.642715 0.706093
0 0.668663 0.351254 0.678643 0.318996 0.712575 0.351254 0.704591 0.383513
0 0.832335 0.817204 0.842315 0.784946 0.878244 0.820789 0.868263 0.853047
0 0.732535 0.154122 0.742515 0.129032 0.768463 0.161290 0.758483 0.186380
0 0.802395 0.383513 0.812375 0.354839 0.838323 0.387097 0.828343 0.412186
0 0.830339 0.172043 0.842315 0.143369 0.872255 0.186380 0.858283 0.215054
0 0.934132 0.372760 0.946108 0.340502 0.976048 0.379928 0.964072 0.412186
0 0.900200 0.071685 0.916168 0.043011 0.942116 0.089606 0.926148 0.118280